0	2	16	0	4	0	1	1	13	0	0	4	1	8	0	0	0	21	5	3	8	0	0	0	1	0	1	
0	3	0	0	3	0	0	0	14	0	0	8	0	0	2	0	0	33	1	2	0	0	0	0	0	0	
0	0	37	0	8	0	0	14	23	0	3	3	0	0	3	0	0	50	4	3	0	0	0	0	0	0	
1	0	0	9	11	0	0	1	7	0	0	2	0	0	0	0	0	40	0	0	0	0	0	1	0	3	
20	0	3	5	16	0	0	0	3	0	0	4	1	13	7	0	0	19	15	5	0	0	0	0	0	1	5	
2	0	0	0	6	6	0	0	4	0	0	2	0	0	0	0	0	00	1	0	0	0	0	2	0	0	
2	0	0	0	18	0	12	12	8	0	0	1	0	4	0	0	0	10	3	11	0	0	0	0	0	0	
2	0	0	0	15	0	0	3	4	0	0	0	0	2	4	0	0	30	3	0	0	0	0	0	0	0	
3	0	11	4	11	0	4	0	0	0	0	0	1	16	4	0	0	618	13	0	1	0	0	0	0	0	
0	0	0	0	0	0	0	0	0	0	0	0	0	0	0	0	0	00	0	0	0	0	0	0	0	0	
0	0	0	0	0	0	1	0	0	0	0	0	0	1	0	0	0	00	0	0	0	0	0	0	0	0	
3	0	3	2	5	1	0	0	16	0	0	87	0	1	4	0	0	00	2	2	1	0	0	3	0	2	
3	1	0	0	10	0	0	0	2	0	0	0	52	0	1	8	0	00	0	0	0	0	0	0	0	0	
0	0	4	4	19	0	4	0	18	0	1	0	0	34	5	0	0	018	10	5	0	0	0	0	0	8	
0	0	0	0	8	0	1	1	2	0	0	1	2	10	0	1	0	14	1	0	6	0	0	0	1	0	2	
2	0	0	0	4	0	0	12	1	0	0	4	0	0	2	37	0	12	1	4	5	0	0	0	0	0	1	
0	0	0	0	0	0	0	0	0	0	0	0	0	0	0	0	0	00	0	0	0	0	0	0	0	0	
8	0	1	4	27	0	0	3	13	0	0	1	0	6	4	0	0	49	8	11	0	0	0	0	4	0	1	
3	0	9	0	11	1	0	3	15	0	0	0	0	0	3	1	0	081	14	3	0	0	0	0	0	5	
4	0	0	0	19	0	1	17	36	0	0	2	0	0	0	0	0	30	1	20	3	0	1	0	0	0	7	
7	5	1	0	2	0	0	0	7	0	0	7	0	9	0	0	0	30	2	5	0	0	0	0	0	0	0	
4	0	0	0	10	0	0	0	4	0	0	0	0	0	0	0	0	00	0	0	0	0	0	0	0	0	
3	0	0	0	2	0	0	3	0	0	0	2	0	2	0	0	0	11	0	0	0	0	0	0	0	1	
0	0	7	0	0	0	0	2	1	0	0	0	0	0	0	1	0	00	1	0	0	0	0	0	0	0	
0	0	2	0	0	0	0	0	1	0	0	0	0	0	0	0	0	01	0	0	0	1	0	0	0	4	
1	0	0	0	0	0	0	0	0	0	0	0	0	0	0	0	0	00	0	0	1	0	0	0	1	0	
0	0	0	0	0	0	0	0	0	0	0	0	0	0	0	0	0	00	0	0	0	0	0	0	0	0	
