Pair Matrix
0	152	187	109	19	21	96	4	101	2	16	485	78	482	4	94	1	467	171	548	75	36	8	4	24	4	4	
52	7	3	0	104	0	0	0	70	1	0	190	1	1	34	10	30	25	8	40	0	0	0	3	0	0	
228	0	134	0	384	0	0	162	187	0	17	44	0	0	405	019	78	14	139	95	0	0	0	19	0	0	
75	1	2	28	318	0	7	5	227	0	0	17	18	5	48	04	42	17	2	27	8	4	0	12	0	4	
189	13	214	542	94	90	101	7	66	1	2	229	219	711	38	93	25	612	587	144	38	89	11	97	15	4	7	
28	0	0	0	69	47	0	0	101	0	0	18	0	0	68	00	13	2	9	54	0	0	0	6	0	0	
50	0	0	0	145	0	21	50	92	0	0	21	1	36	45	00	77	12	10	58	0	0	0	22	0	0	
122	8	1	2	196	0	0	3	155	0	0	4	14	7	97	00	23	5	36	15	0	1	0	33	0	0	
199	104	325	93	247	45	103	2	0	0	8	237	115	756	395	48	4	90	392	395	10	136	0	1	0	46	0	
1	0	0	0	3	0	0	0	0	0	0	0	0	0	7	00	0	0	0	11	0	0	0	0	0	0	
4	0	0	0	28	0	2	0	12	0	0	2	0	15	0	00	4	4	4	1	0	2	0	0	0	0	
188	2	23	32	361	10	9	1	333	0	3	296	12	3	99	50	3	22	35	47	7	3	0	325	0	2	
171	39	2	0	297	2	0	0	211	0	0	2	118	7	110	124	0	0	18	0	32	0	0	0	11	0	0	
198	4	260	203	255	30	357	9	213	2	14	11	31	75	135	35	4	271	578	35	27	5	0	21	0	12	
8	28	93	41	27	22	68	11	27	0	2	131	239	667	16	98	1	367	80	52	225	63	43	9	9	1	4	
128	0	1	0	221	1	1	77	56	0	2	63	5	0	164	98	0	248	12	47	71	0	0	0	4	0	1	
0	0	0	0	0	0	0	0	0	0	0	0	0	0	0	00	0	0	0	72	0	0	0	0	0	0	
433	16	81	46	665	14	33	18	411	1	12	22	40	54	255	59	0	139	144	117	48	15	3	0	119	0	2	
124	3	93	9	256	30	0	73	324	0	3	20	35	12	113	86	1	1	312	316	190	0	5	0	33	0	6	
235	1	5	0	582	1	2	211	669	0	0	37	9	0	111	00	216	86	70	102	0	11	0	100	2	9	
85	78	78	24	42	10	33	0	64	0	0	133	50	188	12	46	0	229	175	98	2	24	0	6	1	0	0	
69	0	0	0	259	0	0	0	106	0	0	0	0	0	31	00	12	0	0	1	0	0	0	0	0	0	
33	0	0	0	29	1	0	25	35	0	1	6	0	8	15	00	12	3	0	0	0	0	0	0	0	1	
15	0	18	0	14	0	0	3	20	0	0	0	0	0	5	21	0	0	0	18	1	0	0	0	2	0	0	
12	2	4	5	20	0	2	0	11	0	0	5	18	11	6	17	0	9	21	13	0	0	5	1	0	0	4	
10	0	0	0	30	0	0	0	9	0	1	1	0	0	1	00	0	0	0	2	2	0	0	0	4	0	
48	0	2	0	18	2	0	7	19	0	2	3	2	3	26	50	8	7	19	26	1	2	0	2	0	8	
